4.479909420013428
4.032639980316162
3.569040536880493
3.3901820182800293
3.1480815410614014
3.0593597888946533
2.810730457305908
2.8720295429229736
2.742685079574585
2.7498953342437744
2.625356674194336
2.4111204147338867
2.523378610610962
2.5351316928863525
2.4554989337921143
2.4306235313415527
2.388939380645752
2.3577332496643066
2.3334972858428955
2.2282652854919434
2.245668411254883
1.981224775314331
2.0187783241271973
2.2805018424987793
1.9804226160049438
2.001410484313965
2.081968069076538
2.2007081508636475
2.0470879077911377
2.1961898803710938
2.015207052230835
1.9020744562149048
2.062682628631592
2.018068790435791
2.3830697536468506
1.9929710626602173
2.134653329849243
2.022073268890381
2.0876972675323486
1.998345136642456
2.024582862854004
2.0019538402557373
2.0428152084350586
2.044172525405884
1.8258731365203857
1.84299635887146
1.9064024686813354
1.9547598361968994
1.7619963884353638
1.9626390933990479
2.097972869873047
1.7764743566513062
1.8097435235977173
1.7592763900756836
1.8818215131759644
1.8984171152114868
1.9367700815200806
1.906692624092102
2.0789694786071777
2.072336196899414
1.9299436807632446
1.920458436012268
2.0310604572296143
1.8443764448165894
1.7762455940246582
1.9338245391845703
1.8648136854171753
1.9999842643737793
1.6421494483947754
1.7208424806594849
1.6805205345153809
1.8365565538406372
1.786961317062378
1.8357093334197998
1.7179847955703735
1.9807765483856201
1.7526469230651855
1.7876675128936768
1.6915853023529053
1.6073776483535767
1.8090776205062866
1.7472997903823853
1.7683672904968262
1.7730363607406616
1.7312628030776978
1.517305850982666
1.7804217338562012
1.6575671434402466
1.8527966737747192
1.7331513166427612
1.6312750577926636
1.5385210514068604
1.6038538217544556
1.8933879137039185
1.795356035232544
1.8571686744689941
1.8407716751098633
1.4910883903503418
1.8215034008026123
1.761163353919983